                     13 13 13  0.0000  0.0833  0.0000  0.0833  0.0000  0.0833=78
   13   13
 -99.99999  -5.99012  -1.31538  -0.41527  -0.19158
  -0.11872  -0.09884  -0.11872  -0.19158  -0.41527
  -1.31538  -5.99012 -99.99999  -5.99012  -3.00945
  -0.99747  -0.39857  -0.21662  -0.14172  -0.11872
  -0.14172  -0.21662  -0.39857  -0.99747  -3.00945
  -5.99012  -1.31538  -0.99747  -0.58698  -0.39857
  -0.29121  -0.21662  -0.19158  -0.21662  -0.29121
  -0.39857  -0.58698  -0.99747  -1.31538  -0.41527
  -0.39857  -0.39857  -0.41527  -0.39857  -0.39857
  -0.41527  -0.39857  -0.39857  -0.41527  -0.39857
  -0.39857  -0.41527  -0.19158  -0.21662  -0.29121
  -0.39857  -0.58698  -0.99747  -1.31538  -0.99747
  -0.58698  -0.39857  -0.29121  -0.21662  -0.19158
  -0.11872  -0.14172  -0.21662  -0.39857  -0.99747
  -3.00945  -5.99012  -3.00945  -0.99747  -0.39857
  -0.21662  -0.14172  -0.11872  -0.09884  -0.11872
  -0.19158  -0.41527  -1.31538  -5.99012 -99.99999
  -5.99012  -1.31538  -0.41527  -0.19158  -0.11872
  -0.09884  -0.11872  -0.14172  -0.21662  -0.39857
  -0.99747  -3.00945  -5.99012  -3.00945  -0.99747
  -0.39857  -0.21662  -0.14172  -0.11872  -0.19158
  -0.21662  -0.29121  -0.39857  -0.58698  -0.99747
  -1.31538  -0.99747  -0.58698  -0.39857  -0.29121
  -0.21662  -0.19158  -0.41527  -0.39857  -0.39857
  -0.41527  -0.39857  -0.39857  -0.41527  -0.39857
  -0.39857  -0.41527  -0.39857  -0.39857  -0.41527
  -1.31538  -0.99747  -0.58698  -0.39857  -0.29121
  -0.21662  -0.19158  -0.21662  -0.29121  -0.39857
  -0.58698  -0.99747  -1.31538  -5.99012  -3.00945
  -0.99747  -0.39857  -0.21662  -0.14172  -0.11872
  -0.14172  -0.21662  -0.39857  -0.99747  -3.00945
  -5.99012 -99.99999  -5.99012  -1.31538  -0.41527
  -0.19158  -0.11872  -0.09884  -0.11872  -0.19158
  -0.41527  -1.31538  -5.99012 -99.99999  -5.99012
  -3.00945  -0.99747  -0.39857  -0.21662  -0.14172
  -0.11872  -0.14172  -0.21662  -0.39857  -0.99747
  -3.00945  -5.99012  -3.00945  -1.97189  -0.94652
  -0.58698  -0.38517  -0.22439  -0.14172  -0.12474
  -0.16027  -0.29121  -0.72160  -1.87227  -3.00945
  -0.99747  -0.94652  -0.94652  -0.99747  -0.72160
  -0.38517  -0.21662  -0.16027  -0.16027  -0.21662
  -0.38517  -0.72160  -0.99747  -0.39857  -0.58698
  -0.99747  -1.31538  -0.99747  -0.58698  -0.39857
  -0.29121  -0.21662  -0.19158  -0.21662  -0.29121
  -0.39857  -0.21662  -0.38517  -0.72160  -0.99747
  -0.94652  -0.94652  -0.99747  -0.72160  -0.38517
  -0.21662  -0.16027  -0.16027  -0.21662  -0.14172
  -0.22439  -0.38517  -0.58698  -0.94652  -1.97189
  -3.00945  -1.87227  -0.72160  -0.29121  -0.16027
  -0.12474  -0.14172  -0.11872  -0.14172  -0.21662
  -0.39857  -0.99747  -3.00945  -5.99012  -3.00945
  -0.99747  -0.39857  -0.21662  -0.14172  -0.11872
  -0.14172  -0.12474  -0.16027  -0.29121  -0.72160
  -1.87227  -3.00945  -1.97189  -0.94652  -0.58698
  -0.38517  -0.22439  -0.14172  -0.21662  -0.16027
  -0.16027  -0.21662  -0.38517  -0.72160  -0.99747
  -0.94652  -0.94652  -0.99747  -0.72160  -0.38517
  -0.21662  -0.39857  -0.29121  -0.21662  -0.19158
  -0.21662  -0.29121  -0.39857  -0.58698  -0.99747
  -1.31538  -0.99747  -0.58698  -0.39857  -0.99747
  -0.72160  -0.38517  -0.21662  -0.16027  -0.16027
  -0.21662  -0.38517  -0.72160  -0.99747  -0.94652
  -0.94652  -0.99747  -3.00945  -1.87227  -0.72160
  -0.29121  -0.16027  -0.12474  -0.14172  -0.22439
  -0.38517  -0.58698  -0.94652  -1.97189  -3.00945
  -5.99012  -3.00945  -0.99747  -0.39857  -0.21662
  -0.14172  -0.11872  -0.14172  -0.21662  -0.39857
  -0.99747  -3.00945  -5.99012  -1.31538  -0.99747
  -0.58698  -0.39857  -0.29121  -0.21662  -0.19158
  -0.21662  -0.29121  -0.39857  -0.58698  -0.99747
  -1.31538  -0.99747  -0.94652  -0.94652  -0.99747
  -0.72160  -0.38517  -0.21662  -0.16027  -0.16027
  -0.21662  -0.38517  -0.72160  -0.99747  -0.58698
  -0.94652  -1.97189  -3.00945  -1.87227  -0.72160
  -0.29121  -0.16027  -0.12474  -0.14172  -0.22439
  -0.38517  -0.58698  -0.39857  -0.99747  -3.00945
  -5.99012  -3.00945  -0.99747  -0.39857  -0.21662
  -0.14172  -0.11872  -0.14172  -0.21662  -0.39857
  -0.29121  -0.72160  -1.87227  -3.00945  -1.97189
  -0.94652  -0.58698  -0.38517  -0.22439  -0.14172
  -0.12474  -0.16027  -0.29121  -0.21662  -0.38517
  -0.72160  -0.99747  -0.94652  -0.94652  -0.99747
  -0.72160  -0.38517  -0.21662  -0.16027  -0.16027
  -0.21662  -0.19158  -0.21662  -0.29121  -0.39857
  -0.58698  -0.99747  -1.31538  -0.99747  -0.58698
  -0.39857  -0.29121  -0.21662  -0.19158  -0.21662
  -0.16027  -0.16027  -0.21662  -0.38517  -0.72160
  -0.99747  -0.94652  -0.94652  -0.99747  -0.72160
  -0.38517  -0.21662  -0.29121  -0.16027  -0.12474
  -0.14172  -0.22439  -0.38517  -0.58698  -0.94652
  -1.97189  -3.00945  -1.87227  -0.72160  -0.29121
  -0.39857  -0.21662  -0.14172  -0.11872  -0.14172
  -0.21662  -0.39857  -0.99747  -3.00945  -5.99012
  -3.00945  -0.99747  -0.39857  -0.58698  -0.38517
  -0.22439  -0.14172  -0.12474  -0.16027  -0.29121
  -0.72160  -1.87227  -3.00945  -1.97189  -0.94652
  -0.58698  -0.99747  -0.72160  -0.38517  -0.21662
  -0.16027  -0.16027  -0.21662  -0.38517  -0.72160
  -0.99747  -0.94652  -0.94652  -0.99747  -1.31538
  -0.99747  -0.58698  -0.39857  -0.29121  -0.21662
  -0.19158  -0.21662  -0.29121  -0.39857  -0.58698
  -0.99747  -1.31538  -0.41527  -0.39857  -0.39857
  -0.41527  -0.39857  -0.39857  -0.41527  -0.39857
  -0.39857  -0.41527  -0.39857  -0.39857  -0.41527
  -0.39857  -0.58698  -0.99747  -1.31538  -0.99747
  -0.58698  -0.39857  -0.29121  -0.21662  -0.19158
  -0.21662  -0.29121  -0.39857  -0.39857  -0.99747
  -3.00945  -5.99012  -3.00945  -0.99747  -0.39857
  -0.21662  -0.14172  -0.11872  -0.14172  -0.21662
  -0.39857  -0.41527  -1.31538  -5.99012 -99.99999
  -5.99012  -1.31538  -0.41527  -0.19158  -0.11872
  -0.09884  -0.11872  -0.19158  -0.41527  -0.39857
  -0.99747  -3.00945  -5.99012  -3.00945  -0.99747
  -0.39857  -0.21662  -0.14172  -0.11872  -0.14172
  -0.21662  -0.39857  -0.39857  -0.58698  -0.99747
  -1.31538  -0.99747  -0.58698  -0.39857  -0.29121
  -0.21662  -0.19158  -0.21662  -0.29121  -0.39857
  -0.41527  -0.39857  -0.39857  -0.41527  -0.39857
  -0.39857  -0.41527  -0.39857  -0.39857  -0.41527
  -0.39857  -0.39857  -0.41527  -0.39857  -0.29121
  -0.21662  -0.19158  -0.21662  -0.29121  -0.39857
  -0.58698  -0.99747  -1.31538  -0.99747  -0.58698
  -0.39857  -0.39857  -0.21662  -0.14172  -0.11872
  -0.14172  -0.21662  -0.39857  -0.99747  -3.00945
  -5.99012  -3.00945  -0.99747  -0.39857  -0.41527
  -0.19158  -0.11872  -0.09884  -0.11872  -0.19158
  -0.41527  -1.31538  -5.99012 -99.99999  -5.99012
  -1.31538  -0.41527  -0.39857  -0.21662  -0.14172
  -0.11872  -0.14172  -0.21662  -0.39857  -0.99747
  -3.00945  -5.99012  -3.00945  -0.99747  -0.39857
  -0.39857  -0.29121  -0.21662  -0.19158  -0.21662
  -0.29121  -0.39857  -0.58698  -0.99747  -1.31538
  -0.99747  -0.58698  -0.39857  -0.41527  -0.39857
  -0.39857  -0.41527  -0.39857  -0.39857  -0.41527
  -0.39857  -0.39857  -0.41527  -0.39857  -0.39857
  -0.41527  -0.19158  -0.21662  -0.29121  -0.39857
  -0.58698  -0.99747  -1.31538  -0.99747  -0.58698
  -0.39857  -0.29121  -0.21662  -0.19158  -0.21662
  -0.38517  -0.72160  -0.99747  -0.94652  -0.94652
  -0.99747  -0.72160  -0.38517  -0.21662  -0.16027
  -0.16027  -0.21662  -0.29121  -0.72160  -1.87227
  -3.00945  -1.97189  -0.94652  -0.58698  -0.38517
  -0.22439  -0.14172  -0.12474  -0.16027  -0.29121
  -0.39857  -0.99747  -3.00945  -5.99012  -3.00945
  -0.99747  -0.39857  -0.21662  -0.14172  -0.11872
  -0.14172  -0.21662  -0.39857  -0.58698  -0.94652
  -1.97189  -3.00945  -1.87227  -0.72160  -0.29121
  -0.16027  -0.12474  -0.14172  -0.22439  -0.38517
  -0.58698  -0.99747  -0.94652  -0.94652  -0.99747
  -0.72160  -0.38517  -0.21662  -0.16027  -0.16027
  -0.21662  -0.38517  -0.72160  -0.99747  -1.31538
  -0.99747  -0.58698  -0.39857  -0.29121  -0.21662
  -0.19158  -0.21662  -0.29121  -0.39857  -0.58698
  -0.99747  -1.31538  -0.99747  -0.72160  -0.38517
  -0.21662  -0.16027  -0.16027  -0.21662  -0.38517
  -0.72160  -0.99747  -0.94652  -0.94652  -0.99747
  -0.58698  -0.38517  -0.22439  -0.14172  -0.12474
  -0.16027  -0.29121  -0.72160  -1.87227  -3.00945
  -1.97189  -0.94652  -0.58698  -0.39857  -0.21662
  -0.14172  -0.11872  -0.14172  -0.21662  -0.39857
  -0.99747  -3.00945  -5.99012  -3.00945  -0.99747
  -0.39857  -0.29121  -0.16027  -0.12474  -0.14172
  -0.22439  -0.38517  -0.58698  -0.94652  -1.97189
  -3.00945  -1.87227  -0.72160  -0.29121  -0.21662
  -0.16027  -0.16027  -0.21662  -0.38517  -0.72160
  -0.99747  -0.94652  -0.94652  -0.99747  -0.72160
  -0.38517  -0.21662  -0.19158  -0.21662  -0.29121
  -0.39857  -0.58698  -0.99747  -1.31538  -0.99747
  -0.58698  -0.39857  -0.29121  -0.21662  -0.19158
  -0.11872  -0.14172  -0.21662  -0.39857  -0.99747
  -3.00945  -5.99012  -3.00945  -0.99747  -0.39857
  -0.21662  -0.14172  -0.11872  -0.14172  -0.22439
  -0.38517  -0.58698  -0.94652  -1.97189  -3.00945
  -1.87227  -0.72160  -0.29121  -0.16027  -0.12474
  -0.14172  -0.21662  -0.38517  -0.72160  -0.99747
  -0.94652  -0.94652  -0.99747  -0.72160  -0.38517
  -0.21662  -0.16027  -0.16027  -0.21662  -0.39857
  -0.58698  -0.99747  -1.31538  -0.99747  -0.58698
  -0.39857  -0.29121  -0.21662  -0.19158  -0.21662
  -0.29121  -0.39857  -0.99747  -0.94652  -0.94652
  -0.99747  -0.72160  -0.38517  -0.21662  -0.16027
  -0.16027  -0.21662  -0.38517  -0.72160  -0.99747
  -3.00945  -1.97189  -0.94652  -0.58698  -0.38517
  -0.22439  -0.14172  -0.12474  -0.16027  -0.29121
  -0.72160  -1.87227  -3.00945  -5.99012  -3.00945
  -0.99747  -0.39857  -0.21662  -0.14172  -0.11872
  -0.14172  -0.21662  -0.39857  -0.99747  -3.00945
  -5.99012  -3.00945  -1.87227  -0.72160  -0.29121
  -0.16027  -0.12474  -0.14172  -0.22439  -0.38517
  -0.58698  -0.94652  -1.97189  -3.00945  -0.99747
  -0.72160  -0.38517  -0.21662  -0.16027  -0.16027
  -0.21662  -0.38517  -0.72160  -0.99747  -0.94652
  -0.94652  -0.99747  -0.39857  -0.29121  -0.21662
  -0.19158  -0.21662  -0.29121  -0.39857  -0.58698
  -0.99747  -1.31538  -0.99747  -0.58698  -0.39857
  -0.21662  -0.16027  -0.16027  -0.21662  -0.38517
  -0.72160  -0.99747  -0.94652  -0.94652  -0.99747
  -0.72160  -0.38517  -0.21662  -0.14172  -0.12474
  -0.16027  -0.29121  -0.72160  -1.87227  -3.00945
  -1.97189  -0.94652  -0.58698  -0.38517  -0.22439
  -0.14172  -0.11872  -0.14172  -0.21662  -0.39857
  -0.99747  -3.00945  -5.99012  -3.00945  -0.99747
  -0.39857  -0.21662  -0.14172  -0.11872  -0.09884
  -0.11872  -0.19158  -0.41527  -1.31538  -5.99012
 -99.99999  -5.99012  -1.31538  -0.41527  -0.19158
  -0.11872  -0.09884  -0.11872  -0.14172  -0.21662
  -0.39857  -0.99747  -3.00945  -5.99012  -3.00945
  -0.99747  -0.39857  -0.21662  -0.14172  -0.11872
  -0.19158  -0.21662  -0.29121  -0.39857  -0.58698
  -0.99747  -1.31538  -0.99747  -0.58698  -0.39857
  -0.29121  -0.21662  -0.19158  -0.41527  -0.39857
  -0.39857  -0.41527  -0.39857  -0.39857  -0.41527
  -0.39857  -0.39857  -0.41527  -0.39857  -0.39857
  -0.41527  -1.31538  -0.99747  -0.58698  -0.39857
  -0.29121  -0.21662  -0.19158  -0.21662  -0.29121
  -0.39857  -0.58698  -0.99747  -1.31538  -5.99012
  -3.00945  -0.99747  -0.39857  -0.21662  -0.14172
  -0.11872  -0.14172  -0.21662  -0.39857  -0.99747
  -3.00945  -5.99012 -99.99999  -5.99012  -1.31538
  -0.41527  -0.19158  -0.11872  -0.09884  -0.11872
  -0.19158  -0.41527  -1.31538  -5.99012 -99.99999
  -5.99012  -3.00945  -0.99747  -0.39857  -0.21662
  -0.14172  -0.11872  -0.14172  -0.21662  -0.39857
  -0.99747  -3.00945  -5.99012  -1.31538  -0.99747
  -0.58698  -0.39857  -0.29121  -0.21662  -0.19158
  -0.21662  -0.29121  -0.39857  -0.58698  -0.99747
  -1.31538  -0.41527  -0.39857  -0.39857  -0.41527
  -0.39857  -0.39857  -0.41527  -0.39857  -0.39857
  -0.41527  -0.39857  -0.39857  -0.41527  -0.19158
  -0.21662  -0.29121  -0.39857  -0.58698  -0.99747
  -1.31538  -0.99747  -0.58698  -0.39857  -0.29121
  -0.21662  -0.19158  -0.11872  -0.14172  -0.21662
  -0.39857  -0.99747  -3.00945  -5.99012  -3.00945
  -0.99747  -0.39857  -0.21662  -0.14172  -0.11872
  -0.09884  -0.11872  -0.19158  -0.41527  -1.31538
  -5.99012 -99.99999  -5.99012  -1.31538  -0.41527
  -0.19158  -0.11872  -0.09884  -0.11872  -0.14172
  -0.21662  -0.39857  -0.99747  -3.00945  -5.99012
  -3.00945  -0.99747  -0.39857  -0.21662  -0.14172
  -0.11872  -0.14172  -0.12474  -0.16027  -0.29121
  -0.72160  -1.87227  -3.00945  -1.97189  -0.94652
  -0.58698  -0.38517  -0.22439  -0.14172  -0.21662
  -0.16027  -0.16027  -0.21662  -0.38517  -0.72160
  -0.99747  -0.94652  -0.94652  -0.99747  -0.72160
  -0.38517  -0.21662  -0.39857  -0.29121  -0.21662
  -0.19158  -0.21662  -0.29121  -0.39857  -0.58698
  -0.99747  -1.31538  -0.99747  -0.58698  -0.39857
  -0.99747  -0.72160  -0.38517  -0.21662  -0.16027
  -0.16027  -0.21662  -0.38517  -0.72160  -0.99747
  -0.94652  -0.94652  -0.99747  -3.00945  -1.87227
  -0.72160  -0.29121  -0.16027  -0.12474  -0.14172
  -0.22439  -0.38517  -0.58698  -0.94652  -1.97189
  -3.00945  -5.99012  -3.00945  -0.99747  -0.39857
  -0.21662  -0.14172  -0.11872  -0.14172  -0.21662
  -0.39857  -0.99747  -3.00945  -5.99012  -3.00945
  -1.97189  -0.94652  -0.58698  -0.38517  -0.22439
  -0.14172  -0.12474  -0.16027  -0.29121  -0.72160
  -1.87227  -3.00945  -0.99747  -0.94652  -0.94652
  -0.99747  -0.72160  -0.38517  -0.21662  -0.16027
  -0.16027  -0.21662  -0.38517  -0.72160  -0.99747
  -0.39857  -0.58698  -0.99747  -1.31538  -0.99747
  -0.58698  -0.39857  -0.29121  -0.21662  -0.19158
  -0.21662  -0.29121  -0.39857  -0.21662  -0.38517
  -0.72160  -0.99747  -0.94652  -0.94652  -0.99747
  -0.72160  -0.38517  -0.21662  -0.16027  -0.16027
  -0.21662  -0.14172  -0.22439  -0.38517  -0.58698
  -0.94652  -1.97189  -3.00945  -1.87227  -0.72160
  -0.29121  -0.16027  -0.12474  -0.14172  -0.11872
  -0.14172  -0.21662  -0.39857  -0.99747  -3.00945
  -5.99012  -3.00945  -0.99747  -0.39857  -0.21662
  -0.14172  -0.11872  -0.19158  -0.21662  -0.29121
  -0.39857  -0.58698  -0.99747  -1.31538  -0.99747
  -0.58698  -0.39857  -0.29121  -0.21662  -0.19158
  -0.21662  -0.16027  -0.16027  -0.21662  -0.38517
  -0.72160  -0.99747  -0.94652  -0.94652  -0.99747
  -0.72160  -0.38517  -0.21662  -0.29121  -0.16027
  -0.12474  -0.14172  -0.22439  -0.38517  -0.58698
  -0.94652  -1.97189  -3.00945  -1.87227  -0.72160
  -0.29121  -0.39857  -0.21662  -0.14172  -0.11872
  -0.14172  -0.21662  -0.39857  -0.99747  -3.00945
  -5.99012  -3.00945  -0.99747  -0.39857  -0.58698
  -0.38517  -0.22439  -0.14172  -0.12474  -0.16027
  -0.29121  -0.72160  -1.87227  -3.00945  -1.97189
  -0.94652  -0.58698  -0.99747  -0.72160  -0.38517
  -0.21662  -0.16027  -0.16027  -0.21662  -0.38517
  -0.72160  -0.99747  -0.94652  -0.94652  -0.99747
  -1.31538  -0.99747  -0.58698  -0.39857  -0.29121
  -0.21662  -0.19158  -0.21662  -0.29121  -0.39857
  -0.58698  -0.99747  -1.31538  -0.99747  -0.94652
  -0.94652  -0.99747  -0.72160  -0.38517  -0.21662
  -0.16027  -0.16027  -0.21662  -0.38517  -0.72160
  -0.99747  -0.58698  -0.94652  -1.97189  -3.00945
  -1.87227  -0.72160  -0.29121  -0.16027  -0.12474
  -0.14172  -0.22439  -0.38517  -0.58698  -0.39857
  -0.99747  -3.00945  -5.99012  -3.00945  -0.99747
  -0.39857  -0.21662  -0.14172  -0.11872  -0.14172
  -0.21662  -0.39857  -0.29121  -0.72160  -1.87227
  -3.00945  -1.97189  -0.94652  -0.58698  -0.38517
  -0.22439  -0.14172  -0.12474  -0.16027  -0.29121
  -0.21662  -0.38517  -0.72160  -0.99747  -0.94652
  -0.94652  -0.99747  -0.72160  -0.38517  -0.21662
  -0.16027  -0.16027  -0.21662  -0.19158  -0.21662
  -0.29121  -0.39857  -0.58698  -0.99747  -1.31538
  -0.99747  -0.58698  -0.39857  -0.29121  -0.21662
  -0.19158  -0.41527  -0.39857  -0.39857  -0.41527
  -0.39857  -0.39857  -0.41527  -0.39857  -0.39857
  -0.41527  -0.39857  -0.39857  -0.41527  -0.39857
  -0.29121  -0.21662  -0.19158  -0.21662  -0.29121
  -0.39857  -0.58698  -0.99747  -1.31538  -0.99747
  -0.58698  -0.39857  -0.39857  -0.21662  -0.14172
  -0.11872  -0.14172  -0.21662  -0.39857  -0.99747
  -3.00945  -5.99012  -3.00945  -0.99747  -0.39857
  -0.41527  -0.19158  -0.11872  -0.09884  -0.11872
  -0.19158  -0.41527  -1.31538  -5.99012 -99.99999
  -5.99012  -1.31538  -0.41527  -0.39857  -0.21662
  -0.14172  -0.11872  -0.14172  -0.21662  -0.39857
  -0.99747  -3.00945  -5.99012  -3.00945  -0.99747
  -0.39857  -0.39857  -0.29121  -0.21662  -0.19158
  -0.21662  -0.29121  -0.39857  -0.58698  -0.99747
  -1.31538  -0.99747  -0.58698  -0.39857  -0.41527
  -0.39857  -0.39857  -0.41527  -0.39857  -0.39857
  -0.41527  -0.39857  -0.39857  -0.41527  -0.39857
  -0.39857  -0.41527  -0.39857  -0.58698  -0.99747
  -1.31538  -0.99747  -0.58698  -0.39857  -0.29121
  -0.21662  -0.19158  -0.21662  -0.29121  -0.39857
  -0.39857  -0.99747  -3.00945  -5.99012  -3.00945
  -0.99747  -0.39857  -0.21662  -0.14172  -0.11872
  -0.14172  -0.21662  -0.39857  -0.41527  -1.31538
  -5.99012 -99.99999  -5.99012  -1.31538  -0.41527
  -0.19158  -0.11872  -0.09884  -0.11872  -0.19158
  -0.41527  -0.39857  -0.99747  -3.00945  -5.99012
  -3.00945  -0.99747  -0.39857  -0.21662  -0.14172
  -0.11872  -0.14172  -0.21662  -0.39857  -0.39857
  -0.58698  -0.99747  -1.31538  -0.99747  -0.58698
  -0.39857  -0.29121  -0.21662  -0.19158  -0.21662
  -0.29121  -0.39857  -0.41527  -0.39857  -0.39857
  -0.41527  -0.39857  -0.39857  -0.41527  -0.39857
  -0.39857  -0.41527  -0.39857  -0.39857  -0.41527
  -1.31538  -0.99747  -0.58698  -0.39857  -0.29121
  -0.21662  -0.19158  -0.21662  -0.29121  -0.39857
  -0.58698  -0.99747  -1.31538  -0.99747  -0.72160
  -0.38517  -0.21662  -0.16027  -0.16027  -0.21662
  -0.38517  -0.72160  -0.99747  -0.94652  -0.94652
  -0.99747  -0.58698  -0.38517  -0.22439  -0.14172
  -0.12474  -0.16027  -0.29121  -0.72160  -1.87227
  -3.00945  -1.97189  -0.94652  -0.58698  -0.39857
  -0.21662  -0.14172  -0.11872  -0.14172  -0.21662
  -0.39857  -0.99747  -3.00945  -5.99012  -3.00945
  -0.99747  -0.39857  -0.29121  -0.16027  -0.12474
  -0.14172  -0.22439  -0.38517  -0.58698  -0.94652
  -1.97189  -3.00945  -1.87227  -0.72160  -0.29121
  -0.21662  -0.16027  -0.16027  -0.21662  -0.38517
  -0.72160  -0.99747  -0.94652  -0.94652  -0.99747
  -0.72160  -0.38517  -0.21662  -0.19158  -0.21662
  -0.29121  -0.39857  -0.58698  -0.99747  -1.31538
  -0.99747  -0.58698  -0.39857  -0.29121  -0.21662
  -0.19158  -0.21662  -0.38517  -0.72160  -0.99747
  -0.94652  -0.94652  -0.99747  -0.72160  -0.38517
  -0.21662  -0.16027  -0.16027  -0.21662  -0.29121
  -0.72160  -1.87227  -3.00945  -1.97189  -0.94652
  -0.58698  -0.38517  -0.22439  -0.14172  -0.12474
  -0.16027  -0.29121  -0.39857  -0.99747  -3.00945
  -5.99012  -3.00945  -0.99747  -0.39857  -0.21662
  -0.14172  -0.11872  -0.14172  -0.21662  -0.39857
  -0.58698  -0.94652  -1.97189  -3.00945  -1.87227
  -0.72160  -0.29121  -0.16027  -0.12474  -0.14172
  -0.22439  -0.38517  -0.58698  -0.99747  -0.94652
  -0.94652  -0.99747  -0.72160  -0.38517  -0.21662
  -0.16027  -0.16027  -0.21662  -0.38517  -0.72160
  -0.99747  -1.31538  -0.99747  -0.58698  -0.39857
  -0.29121  -0.21662  -0.19158  -0.21662  -0.29121
  -0.39857  -0.58698  -0.99747  -1.31538  -5.99012
  -3.00945  -0.99747  -0.39857  -0.21662  -0.14172
  -0.11872  -0.14172  -0.21662  -0.39857  -0.99747
  -3.00945  -5.99012  -3.00945  -1.87227  -0.72160
  -0.29121  -0.16027  -0.12474  -0.14172  -0.22439
  -0.38517  -0.58698  -0.94652  -1.97189  -3.00945
  -0.99747  -0.72160  -0.38517  -0.21662  -0.16027
  -0.16027  -0.21662  -0.38517  -0.72160  -0.99747
  -0.94652  -0.94652  -0.99747  -0.39857  -0.29121
  -0.21662  -0.19158  -0.21662  -0.29121  -0.39857
  -0.58698  -0.99747  -1.31538  -0.99747  -0.58698
  -0.39857  -0.21662  -0.16027  -0.16027  -0.21662
  -0.38517  -0.72160  -0.99747  -0.94652  -0.94652
  -0.99747  -0.72160  -0.38517  -0.21662  -0.14172
  -0.12474  -0.16027  -0.29121  -0.72160  -1.87227
  -3.00945  -1.97189  -0.94652  -0.58698  -0.38517
  -0.22439  -0.14172  -0.11872  -0.14172  -0.21662
  -0.39857  -0.99747  -3.00945  -5.99012  -3.00945
  -0.99747  -0.39857  -0.21662  -0.14172  -0.11872
  -0.14172  -0.22439  -0.38517  -0.58698  -0.94652
  -1.97189  -3.00945  -1.87227  -0.72160  -0.29121
  -0.16027  -0.12474  -0.14172  -0.21662  -0.38517
  -0.72160  -0.99747  -0.94652  -0.94652  -0.99747
  -0.72160  -0.38517  -0.21662  -0.16027  -0.16027
  -0.21662  -0.39857  -0.58698  -0.99747  -1.31538
  -0.99747  -0.58698  -0.39857  -0.29121  -0.21662
  -0.19158  -0.21662  -0.29121  -0.39857  -0.99747
  -0.94652  -0.94652  -0.99747  -0.72160  -0.38517
  -0.21662  -0.16027  -0.16027  -0.21662  -0.38517
  -0.72160  -0.99747  -3.00945  -1.97189  -0.94652
  -0.58698  -0.38517  -0.22439  -0.14172  -0.12474
  -0.16027  -0.29121  -0.72160  -1.87227  -3.00945
  -5.99012  -3.00945  -0.99747  -0.39857  -0.21662
  -0.14172  -0.11872  -0.14172  -0.21662  -0.39857
  -0.99747  -3.00945  -5.99012 -99.99999  -5.99012
  -1.31538  -0.41527  -0.19158  -0.11872  -0.09884
  -0.11872  -0.19158  -0.41527  -1.31538  -5.99012
 -99.99999  -5.99012  -3.00945  -0.99747  -0.39857
  -0.21662  -0.14172  -0.11872  -0.14172  -0.21662
  -0.39857  -0.99747  -3.00945  -5.99012  -1.31538
  -0.99747  -0.58698  -0.39857  -0.29121  -0.21662
  -0.19158  -0.21662  -0.29121  -0.39857  -0.58698
  -0.99747  -1.31538  -0.41527  -0.39857  -0.39857
  -0.41527  -0.39857  -0.39857  -0.41527  -0.39857
  -0.39857  -0.41527  -0.39857  -0.39857  -0.41527
  -0.19158  -0.21662  -0.29121  -0.39857  -0.58698
  -0.99747  -1.31538  -0.99747  -0.58698  -0.39857
  -0.29121  -0.21662  -0.19158  -0.11872  -0.14172
  -0.21662  -0.39857  -0.99747  -3.00945  -5.99012
  -3.00945  -0.99747  -0.39857  -0.21662  -0.14172
  -0.11872  -0.09884  -0.11872  -0.19158  -0.41527
  -1.31538  -5.99012 -99.99999  -5.99012  -1.31538
  -0.41527  -0.19158  -0.11872  -0.09884  -0.11872
  -0.14172  -0.21662  -0.39857  -0.99747  -3.00945
  -5.99012  -3.00945  -0.99747  -0.39857  -0.21662
  -0.14172  -0.11872  -0.19158  -0.21662  -0.29121
  -0.39857  -0.58698  -0.99747  -1.31538  -0.99747
  -0.58698  -0.39857  -0.29121  -0.21662  -0.19158
  -0.41527  -0.39857  -0.39857  -0.41527  -0.39857
  -0.39857  -0.41527  -0.39857  -0.39857  -0.41527
  -0.39857  -0.39857  -0.41527  -1.31538  -0.99747
  -0.58698  -0.39857  -0.29121  -0.21662  -0.19158
  -0.21662  -0.29121  -0.39857  -0.58698  -0.99747
  -1.31538  -5.99012  -3.00945  -0.99747  -0.39857
  -0.21662  -0.14172  -0.11872  -0.14172  -0.21662
  -0.39857  -0.99747  -3.00945  -5.99012 -99.99999
  -5.99012  -1.31538  -0.41527  -0.19158  -0.11872
  -0.09884  -0.11872  -0.19158  -0.41527  -1.31538
  -5.99012 -99.99999
