GENERAL: LMX=2  NSPIN=1   WSR= 2.522424  REL=T  NR=287  A=.030
   Z=14  QC=10  QTOT=-0.773330

 ETOT  =   -578.2171353  EKIN =     579.1072835  UTOT =  -1157.1204159
 EMAD  =     -0.2040029  SUMEC=    -320.3053751  SUMEV=     -1.3877476
 RHOV  =   -900.8004061  UNUCL=   -1379.2763391  UELEC=    261.9795449
 RHOEPS=    -39.8236217  REPSNL=      0.0000000  RHOMU=    -52.4614893
 RMUNL =      0.0000000
 
MOMNTS:  Si    VRMAX= -0.880939
 L      PL         Q0         Q1         Q2   IDMOD     DL
 0  3.8369817  1.1691731 -0.0548011  0.0501466  0  -1.7788278
 1  3.7095304  1.8816387  0.0422231  0.0600402  0  -0.7733193
 2  3.2504105  0.1758582  0.0000000  0.0069470  0   0.9974238
COR:
  287    1     0.03000    3
 0.000000000D+00 4.996036128D-06 2.044531362D-05 4.721248364D-05 8.624595802D-05
 1.385419787D-04 2.052257996D-04 2.874733237D-04 3.865495587D-04 5.038062491D-04
 6.406872403D-04 7.987339902D-04 9.795913738D-04 1.185013886D-03 1.416872247D-03
 1.677160416D-03 1.968003029D-03 2.291663285D-03 2.650551287D-03 3.047232873D-03
 3.484438956D-03 3.965075394D-03 4.492233425D-03 5.069200691D-03 5.699472883D-03
 6.386766032D-03 7.135029487D-03 7.948459611D-03 8.831514231D-03 9.788927871D-03
 1.082572783D-02 1.194725110D-02 1.315916223D-02 1.446747213D-02 1.587855784D-02
 1.739918342D-02 1.903652184D-02 2.079817808D-02 2.269221339D-02 2.472717081D-02
 2.691210198D-02 2.925659526D-02 3.177080538D-02 3.446548436D-02 3.735201417D-02
 4.044244078D-02 4.374950995D-02 4.728670474D-02 5.106828468D-02 5.510932681D-02
 5.942576864D-02 6.403445298D-02 6.895317476D-02 7.420072995D-02 7.979696651D-02
 8.576283756D-02 9.212045669D-02 9.889315555D-02 1.061055437D-01 1.137835707D-01
 1.219545908D-01 1.306474296D-01 1.398924535D-01 1.497216408D-01 1.601686566D-01
 1.712689281D-01 1.830597238D-01 1.955802342D-01 2.088716548D-01 2.229772713D-01
 2.379425468D-01 2.538152103D-01 2.706453481D-01 2.884854953D-01 3.073907296D-01
 3.274187654D-01 3.486300496D-01 3.710878565D-01 3.948583837D-01 4.200108475D-01
 4.466175767D-01 4.747541061D-01 5.044992666D-01 5.359352742D-01 5.691478140D-01
 6.042261213D-01 6.412630566D-01 6.803551751D-01 7.216027889D-01 7.651100207D-01
 8.109848483D-01 8.593391379D-01 9.102886648D-01 9.639531208D-01 1.020456105D+00
 1.079925098D+00 1.142491415D+00 1.208290139D+00 1.277460032D+00 1.350143411D+00
 1.426486011D+00 1.506636797D+00 1.590747762D+00 1.678973671D+00 1.771471779D+00
 1.868401492D+00 1.969923995D+00 2.076201818D+00 2.187398362D+00 2.303677353D+00
 2.425202252D+00 2.552135586D+00 2.684638224D+00 2.822868576D+00 2.966981718D+00
 3.117128443D+00 3.273454230D+00 3.436098130D+00 3.605191567D+00 3.780857051D+00
 3.963206803D+00 4.152341292D+00 4.348347677D+00 4.551298163D+00 4.761248271D+00
 4.978235015D+00 5.202275001D+00 5.433362453D+00 5.671467154D+00 5.916532336D+00
 6.168472510D+00 6.427171251D+00 6.692478952D+00 6.964210566D+00 7.242143347D+00
 7.526014614D+00 7.815519553D+00 8.110309097D+00 8.409987893D+00 8.714112398D+00
 9.022189134D+00 9.333673132D+00 9.647966619D+00 9.964417958D+00 1.028232092D+01
 1.060091432D+01 1.091938203D+01 1.123685346D+01 1.155240459D+01 1.186505946D+01
 1.217379234D+01 1.247753052D+01 1.277515780D+01 1.306551870D+01 1.334742350D+01
 1.361965401D+01 1.388097025D+01 1.413011799D+01 1.436583709D+01 1.458687079D+01
 1.479197582D+01 1.497993336D+01 1.514956079D+01 1.529972418D+01 1.542935144D+01
 1.553744607D+01 1.562310134D+01 1.568551481D+01 1.572400304D+01 1.573801628D+01
 1.572715297D+01 1.569117384D+01 1.563001535D+01 1.554380228D+01 1.543285910D+01
 1.529771998D+01 1.513913702D+01 1.495808653D+01 1.475577304D+01 1.453363070D+01
 1.429332199D+01 1.403673327D+01 1.376596713D+01 1.348333139D+01 1.319132445D+01
 1.289261712D+01 1.259003077D+01 1.228651196D+01 1.198510354D+01 1.168891256D+01
 1.140107518D+01 1.112471892D+01 1.086292278D+01 1.061867558D+01 1.039483327D+01
 1.019407572D+01 1.001886375D+01 9.871397178D+00 9.753574498D+00 9.666955199D+00
 9.612725328D+00 9.591667145D+00 9.604133597D+00 9.650028265D+00 9.728791421D+00
 9.839392696D+00 9.980330798D+00 1.014964056D+01 1.034490753D+01 1.056329009D+01
 1.080154902D+01 1.105608431D+01 1.132297866D+01 1.159804723D+01 1.187689293D+01
 1.215496637D+01 1.242762952D+01 1.269022207D+01 1.293812935D+01 1.316685060D+01
 1.337206640D+01 1.354970404D+01 1.369599961D+01 1.380755570D+01 1.388139363D+01
 1.391499913D+01 1.390636079D+01 1.385400039D+01 1.375699459D+01 1.361498761D+01
 1.342819467D+01 1.319739594D+01 1.292392133D+01 1.260962636D+01 1.225685944D+01
 1.186842138D+01 1.144751769D+01 1.099770476D+01 1.052283075D+01 1.002697255D+01
 9.514369729D+00 8.989356957D+00 8.456296079D+00 7.919509135D+00 7.383213632D+00
 6.851461271D+00 6.328081314D+00 5.816629622D+00 5.320344339D+00 4.842108998D+00
 4.384423675D+00 3.949384660D+00 3.538672855D+00 3.153550952D+00 2.794869190D+00
 2.463079278D+00 2.158255866D+00 1.880124721D+00 1.628096606D+00 1.401305671D+00
 1.198651061D+00 1.018840355D+00 8.604334372D-01 7.218854399D-01 6.015875357D-01
 4.979045393D-01 4.092085211D-01 3.339079001D-01 2.704717348D-01 2.174491607D-01
 1.734841047D-01 1.373255544D-01 1.078337602D-01 8.398282077D-02 6.486014482D-02
 4.966330287D-02 3.769478587D-02 2.835517157D-02 2.113517168D-02 1.560699260D-02
 1.141539228D-02 8.268759953D-03 5.930485149D-03 4.210823159D-03 2.959408141D-03
 2.058482677D-03 1.416951616D-03
SUMEC
 0.000000000D+00
EC
-1.303204557D+02-9.837455673D+00-6.664922526D+00
POT:
  287    1     0.03000     2.52242
 7.420265346D+01 7.426105892D+01 7.432153251D+01 7.435736667D+01 7.438455747D+01
 7.440885073D+01 7.442937053D+01 7.444764778D+01 7.446428745D+01 7.447970439D+01
 7.449418585D+01 7.450793762D+01 7.452111250D+01 7.453382739D+01 7.454617395D+01
 7.455822562D+01 7.457004236D+01 7.458167391D+01 7.459316219D+01 7.460454298D+01
 7.461584722D+01 7.462710197D+01 7.463833111D+01 7.464955599D+01 7.466079581D+01
 7.467206803D+01 7.468338862D+01 7.469477232D+01 7.470623283D+01 7.471778294D+01
 7.472943471D+01 7.474119952D+01 7.475308821D+01 7.476511112D+01 7.477727818D+01
 7.478959896D+01 7.480208270D+01 7.481473836D+01 7.482757466D+01 7.484060008D+01
 7.485382293D+01 7.486725132D+01 7.488089322D+01 7.489475643D+01 7.490884863D+01
 7.492317736D+01 7.493775003D+01 7.495257393D+01 7.496765625D+01 7.498300404D+01
 7.499862422D+01 7.501452360D+01 7.503070885D+01 7.504718650D+01 7.506396293D+01
 7.508104438D+01 7.509843689D+01 7.511614633D+01 7.513417837D+01 7.515253846D+01
 7.517123183D+01 7.519026343D+01 7.520963795D+01 7.522935977D+01 7.524943294D+01
 7.526986117D+01 7.529064776D+01 7.531179563D+01 7.533330720D+01 7.535518443D+01
 7.537742875D+01 7.540004103D+01 7.542302149D+01 7.544636974D+01 7.547008464D+01
 7.549416431D+01 7.551860605D+01 7.554340628D+01 7.556856049D+01 7.559406315D+01
 7.561990769D+01 7.564608638D+01 7.567259028D+01 7.569940916D+01 7.572653139D+01
 7.575394391D+01 7.578163208D+01 7.580957963D+01 7.583776854D+01 7.586617894D+01
 7.589478900D+01 7.592357484D+01 7.595251040D+01 7.598156731D+01 7.601071479D+01
 7.603991951D+01 7.606914546D+01 7.609835383D+01 7.612750285D+01 7.615654765D+01
 7.618544014D+01 7.621412884D+01 7.624255871D+01 7.627067104D+01 7.629840327D+01
 7.632568883D+01 7.635245699D+01 7.637863267D+01 7.640413633D+01 7.642888379D+01
 7.645278603D+01 7.647574909D+01 7.649767391D+01 7.651845613D+01 7.653798600D+01
 7.655614822D+01 7.657282181D+01 7.658787996D+01 7.660118998D+01 7.661261314D+01
 7.662200461D+01 7.662921336D+01 7.663408215D+01 7.663644745D+01 7.663613943D+01
 7.663298198D+01 7.662679275D+01 7.661738315D+01 7.660455851D+01 7.658811815D+01
 7.656785555D+01 7.654355853D+01 7.651500950D+01 7.648198570D+01 7.644425952D+01
 7.640159889D+01 7.635376762D+01 7.630052594D+01 7.624163095D+01 7.617683717D+01
 7.610589722D+01 7.602856243D+01 7.594458360D+01 7.585371177D+01 7.575569905D+01
 7.565029954D+01 7.553727024D+01 7.541637210D+01 7.528737100D+01 7.515003889D+01
 7.500415488D+01 7.484950644D+01 7.468589056D+01 7.451311497D+01 7.433099935D+01
 7.413937655D+01 7.393809379D+01 7.372701384D+01 7.350601619D+01 7.327499809D+01
 7.303387561D+01 7.278258457D+01 7.252108133D+01 7.224934356D+01 7.196737072D+01
 7.167518450D+01 7.137282904D+01 7.106037085D+01 7.073789865D+01 7.040552286D+01
 7.006337480D+01 6.971160570D+01 6.935038531D+01 6.897990024D+01 6.860035195D+01
 6.821195443D+01 6.781493153D+01 6.740951401D+01 6.699593625D+01 6.657443270D+01
 6.614523418D+01 6.570856394D+01 6.526463374D+01 6.481363987D+01 6.435575945D+01
 6.389114703D+01 6.341993166D+01 6.294221481D+01 6.245806917D+01 6.196753876D+01
 6.147064046D+01 6.096736724D+01 6.045769330D+01 5.994158098D+01 5.941898963D+01
 5.888988586D+01 5.835425496D+01 5.781211252D+01 5.726351555D+01 5.670857197D+01
 5.614744739D+01 5.558036840D+01 5.500762160D+01 5.442954828D+01 5.384653488D+01
 5.325900000D+01 5.266737905D+01 5.207210774D+01 5.147360590D+01 5.087226274D+01
 5.026842467D+01 4.966238614D+01 4.905438408D+01 4.844459572D+01 4.783313979D+01
 4.722008051D+01 4.660543396D+01 4.598917631D+01 4.537125324D+01 4.475159024D+01
 4.413010309D+01 4.350670836D+01 4.288133344D+01 4.225392591D+01 4.162446198D+01
 4.099295388D+01 4.035945611D+01 3.972407035D+01 3.908694906D+01 3.844829781D+01
 3.780837619D+01 3.716749742D+01 3.652602676D+01 3.588437865D+01 3.524301280D+01
 3.460242918D+01 3.396316214D+01 3.332577379D+01 3.269084657D+01 3.205897539D+01
 3.143075931D+01 3.080679293D+01 3.018765764D+01 2.957391286D+01 2.896608736D+01
 2.836467085D+01 2.777010594D+01 2.718278064D+01 2.660302154D+01 2.603108801D+01
 2.546716762D+01 2.491137328D+01 2.436374264D+01 2.382424047D+01 2.329276490D+01
 2.276915841D+01 2.225322414D+01 2.174474769D+01 2.124352335D+01 2.074938227D+01
 2.026221848D+01 1.978200792D+01 1.930881577D+01 1.884278989D+01 1.838414096D+01
 1.793311347D+01 1.748995345D+01 1.705487880D+01 1.662805629D+01 1.620958716D+01
 1.579950117D+01 1.539775740D+01 1.500424987D+01 1.461881612D+01 1.424124687D+01
 1.387129592D+01 1.350868939D+01 1.315313390D+01 1.280432361D+01 1.246194605D+01
 1.212568674D+01 1.179523284D+01 1.147027587D+01 1.115051365D+01 1.083565158D+01
 1.052540364D+01 1.021949264D+01
 
PPAR:  Si    VES= -0.085566
 L       ENU        C       +/-DEL   1/SQRT(P)     GAMMA      ALPHA
 0 -0.6501180 -0.8657735  0.1594305  3.3633009  0.4027084  0.4027084
 1 -0.3021244  0.0900240 -0.1321852  4.2209912  0.0961470  0.0961470
 2 -0.3363722  1.5021044  0.1415981  6.3272611  0.0519382  0.0519382
